-4.875 -0.05 0
-4.51406 -0.02 1e+07
-4.50938 -0.0225 2e+07
-4.47656 -0.02375 3e+07
-4.52813 -0.01625 4e+07
-4.47187 -0.015 5e+07
-4.44062 -0.02375 6e+07
-4.475 -0.02 7e+07
-4.48125 -0.01875 8e+07
-4.41875 -0.02 9e+07
-4.5125 -0.0125 1e+08
-4.55156 -0.015 1.1e+08
-4.52813 -0.02125 1.2e+08
-4.52969 -0.02375 1.3e+08
-4.50312 -0.02375 1.4e+08
-4.48438 -0.025 1.5e+08
-4.53281 -0.0325 1.6e+08
-4.58281 -0.02125 1.7e+08
-4.54375 -0.0275 1.8e+08
-4.525 -0.0125 1.9e+08
-4.52187 -0.0175 2e+08
-4.53437 -0.0275 2.1e+08
-4.38438 -0.02875 2.2e+08
-4.425 -0.02875 2.3e+08
-4.48594 -0.0375 2.4e+08
-4.55312 -0.02375 2.5e+08
-4.50938 -0.0275 2.6e+08
-4.50156 -0.01 2.7e+08
-4.51875 -0.02875 2.8e+08
-4.50156 -0.03 2.9e+08
-4.5 -0.01875 3e+08
-4.53906 -0.01875 3.1e+08
-4.57656 -0.01125 3.2e+08
-4.47656 -0.01625 3.3e+08
-4.52031 -0.02625 3.4e+08
-4.50156 -0.01875 3.5e+08
-4.52344 -0.0125 3.6e+08
-4.53594 -0.0075 3.7e+08
-4.50781 -0.02625 3.8e+08
-4.56094 -0.0175 3.9e+08
-4.54844 -0.01875 4e+08
-4.57812 -0.03125 4.1e+08
-4.4875 -0.0275 4.2e+08
-4.53281 -0.01625 4.3e+08
-4.55938 -0.0275 4.4e+08
-4.50938 -0.04125 4.5e+08
-4.53281 -0.01375 4.6e+08
-4.54219 -0.02 4.7e+08
-4.50625 -0.035 4.8e+08
-4.53125 -0.02 4.9e+08
-4.58281 -0.0225 5e+08
-4.51562 -0.01125 5.1e+08
-4.5 -0.01625 5.2e+08
-4.53125 -0.0175 5.3e+08
-4.50156 -0.025 5.4e+08
-4.50156 -0.02875 5.5e+08
-4.48906 -0.0225 5.6e+08
-4.50938 -0.02 5.7e+08
-4.575 -0.02875 5.8e+08
-4.53281 -0.025 5.9e+08
-4.55 -0.005 6e+08
-4.52344 -0.0325 6.1e+08
-4.52344 -0.0175 6.2e+08
-4.5375 -0.0225 6.3e+08
-4.50469 -0.0175 6.4e+08
-4.49375 -0.02625 6.5e+08
-4.55156 -0.01625 6.6e+08
-4.53281 -0.0125 6.7e+08
-4.51562 -0.01 6.8e+08
-4.46875 -0.03125 6.9e+08
-4.54063 -0.02875 7e+08
-4.5125 -0.02 7.1e+08
-4.50938 -0.02625 7.2e+08
-4.5125 -0.0175 7.3e+08
-4.46875 -0.0225 7.4e+08
-4.575 -0.02375 7.5e+08
-4.48125 -0.01625 7.6e+08
-4.56562 -0.0175 7.7e+08
-4.5 -0.0375 7.8e+08
-4.57812 -0.01375 7.9e+08
-4.54375 -0.03375 8e+08
-4.50156 -0.02875 8.1e+08
-4.575 -0.03 8.2e+08
-4.53594 -0.03625 8.3e+08
-4.45937 -0.03875 8.4e+08
-4.47344 -0.0225 8.5e+08
-4.48438 -0.035 8.6e+08
-4.48594 -0.03125 8.7e+08
-4.48125 -0.0275 8.8e+08
-4.52813 -0.02625 8.9e+08
-4.53437 -0.03375 9e+08
-4.58594 -0.02875 9.1e+08
-4.51562 -0.03625 9.2e+08
-4.48281 -0.0275 9.3e+08
-4.48438 -0.02 9.4e+08
-4.45937 -0.02625 9.5e+08
-4.475 -0.025 9.6e+08
-4.52656 -0.025 9.7e+08
-4.55156 -0.0175 9.8e+08
-4.48438 -0.025 9.9e+08
-4.47969 -0.03 1e+09
