-4.875 -0.0125 0
-4.5375 0 1e+07
-4.56719 -0.000625 2e+07
-4.53437 -0.000625 3e+07
-4.52344 0 4e+07
-4.54844 0 5e+07
-4.52187 -0.0003125 6e+07
-4.52813 -0.000625 7e+07
-4.51562 -0.0003125 8e+07
-4.49375 -0.0009375 9e+07
-4.50469 -0.0003125 1e+08
-4.53906 0 1.1e+08
-4.56562 0 1.2e+08
-4.54219 0 1.3e+08
-4.53125 -0.0003125 1.4e+08
-4.53594 0 1.5e+08
-4.57188 0 1.6e+08
-4.51406 -0.0009375 1.7e+08
-4.52656 0 1.8e+08
-4.60313 -0.000625 1.9e+08
-4.51562 -0.0003125 2e+08
-4.57344 -0.0003125 2.1e+08
-4.52969 -0.0003125 2.2e+08
-4.57344 0 2.3e+08
-4.54375 -0.0003125 2.4e+08
-4.47813 -0.0015625 2.5e+08
-4.53906 0 2.6e+08
-4.51406 -0.0009375 2.7e+08
-4.55 -0.000625 2.8e+08
-4.56562 -0.000625 2.9e+08
-4.57031 0 3e+08
-4.51406 -0.0003125 3.1e+08
-4.52813 -0.000625 3.2e+08
-4.54219 -0.0003125 3.3e+08
-4.56875 -0.0003125 3.4e+08
-4.5625 -0.0003125 3.5e+08
-4.52031 -0.001875 3.6e+08
-4.51406 -0.0003125 3.7e+08
-4.57656 -0.0009375 3.8e+08
-4.56719 -0.000625 3.9e+08
-4.59219 0 4e+08
-4.54688 -0.0009375 4.1e+08
-4.58906 -0.0003125 4.2e+08
-4.52969 -0.0003125 4.3e+08
-4.55312 0 4.4e+08
-4.49375 -0.0003125 4.5e+08
-4.52813 -0.000625 4.6e+08
-4.51094 -0.0009375 4.7e+08
-4.525 -0.0009375 4.8e+08
-4.46563 0 4.9e+08
-4.54375 -0.0015625 5e+08
-4.525 0 5.1e+08
-4.51562 -0.0009375 5.2e+08
-4.55469 -0.0003125 5.3e+08
-4.54688 -0.0015625 5.4e+08
-4.57969 0 5.5e+08
-4.55938 -0.0003125 5.6e+08
-4.54375 -0.000625 5.7e+08
-4.51562 0 5.8e+08
-4.54531 -0.00125 5.9e+08
-4.53594 -0.0003125 6e+08
-4.55625 -0.000625 6.1e+08
-4.51562 0 6.2e+08
-4.55938 -0.000625 6.3e+08
-4.4875 -0.000625 6.4e+08
-4.48281 -0.0009375 6.5e+08
-4.52031 0 6.6e+08
-4.59063 -0.0003125 6.7e+08
-4.51406 -0.0025 6.8e+08
-4.51406 -0.0003125 6.9e+08
-4.51406 -0.0009375 7e+08
-4.57812 -0.0009375 7.1e+08
-4.55 -0.0003125 7.2e+08
-4.55781 -0.000625 7.3e+08
-4.53906 -0.0009375 7.4e+08
-4.54844 0 7.5e+08
-4.54063 -0.0003125 7.6e+08
-4.55312 -0.0003125 7.7e+08
-4.57344 -0.000625 7.8e+08
-4.56719 -0.0003125 7.9e+08
-4.56094 -0.0003125 8e+08
-4.51875 0 8.1e+08
-4.51719 -0.0009375 8.2e+08
-4.57969 0 8.3e+08
-4.5625 0 8.4e+08
-4.48906 -0.0009375 8.5e+08
-4.58906 -0.0003125 8.6e+08
-4.53281 -0.000625 8.7e+08
-4.5375 -0.0003125 8.8e+08
-4.54219 -0.000625 8.9e+08
-4.60781 0 9e+08
-4.47031 -0.000625 9.1e+08
-4.52813 -0.000625 9.2e+08
-4.49531 -0.000625 9.3e+08
-4.54219 0 9.4e+08
-4.47656 -0.0009375 9.5e+08
-4.47031 -0.0003125 9.6e+08
-4.54688 -0.0003125 9.7e+08
-4.55625 0 9.8e+08
-4.54531 -0.0003125 9.9e+08
-4.58437 -0.0003125 1e+09
