-4.875 0.0125 0
-4.53437 0 1e+07
-4.53281 0.0003125 2e+07
-4.56406 0.000625 3e+07
-4.56719 0 4e+07
-4.51875 0.0003125 5e+07
-4.53125 0.0003125 6e+07
-4.55469 0.0003125 7e+07
-4.51719 0.000625 8e+07
-4.49688 0 9e+07
-4.5625 0 1e+08
-4.55625 0 1.1e+08
-4.53906 0 1.2e+08
-4.51562 0.0003125 1.3e+08
-4.53906 0.0003125 1.4e+08
-4.50625 0 1.5e+08
-4.53125 0 1.6e+08
-4.575 0.0003125 1.7e+08
-4.57031 0 1.8e+08
-4.53281 0 1.9e+08
-4.53906 0 2e+08
-4.55312 0 2.1e+08
-4.54844 0 2.2e+08
-4.56719 0.0003125 2.3e+08
-4.49531 0.000625 2.4e+08
-4.54844 0 2.5e+08
-4.54844 0 2.6e+08
-4.52656 0 2.7e+08
-4.60625 0.0003125 2.8e+08
-4.575 0.0003125 2.9e+08
-4.50938 0 3e+08
-4.55625 0 3.1e+08
-4.55156 0.0003125 3.2e+08
-4.48281 0 3.3e+08
-4.48438 0.0003125 3.4e+08
-4.49688 0 3.5e+08
-4.49219 0 3.6e+08
-4.51875 0 3.7e+08
-4.54531 0.000625 3.8e+08
-4.51094 0 3.9e+08
-4.52344 0 4e+08
-4.55312 0 4.1e+08
-4.52031 0 4.2e+08
-4.56094 0 4.3e+08
-4.58281 0 4.4e+08
-4.56562 0 4.5e+08
-4.56719 0 4.6e+08
-4.60156 0 4.7e+08
-4.49688 0 4.8e+08
-4.53906 0.000625 4.9e+08
-4.54375 0.0003125 5e+08
-4.60781 0 5.1e+08
-4.54531 0 5.2e+08
-4.52969 0 5.3e+08
-4.48594 0 5.4e+08
-4.55469 0 5.5e+08
-4.59063 0 5.6e+08
-4.58437 0 5.7e+08
-4.52031 0 5.8e+08
-4.49531 0 5.9e+08
-4.54844 0.0003125 6e+08
-4.53437 0 6.1e+08
-4.51406 0 6.2e+08
-4.51562 0 6.3e+08
-4.55156 0 6.4e+08
-4.53906 0.0003125 6.5e+08
-4.55156 0 6.6e+08
-4.57344 0 6.7e+08
-4.5375 0 6.8e+08
-4.54844 0 6.9e+08
-4.55156 0.0003125 7e+08
-4.48125 0 7.1e+08
-4.53594 0.0009375 7.2e+08
-4.56875 0 7.3e+08
-4.57969 0 7.4e+08
-4.57344 0 7.5e+08
-4.55938 0 7.6e+08
-4.58125 0 7.7e+08
-4.51719 0.0003125 7.8e+08
-4.54063 0.0003125 7.9e+08
-4.52813 0 8e+08
-4.51875 0.0003125 8.1e+08
-4.53437 0 8.2e+08
-4.53125 0.0003125 8.3e+08
-4.55625 0.0003125 8.4e+08
-4.52969 0 8.5e+08
-4.49219 0 8.6e+08
-4.49062 0.000625 8.7e+08
-4.47344 0 8.8e+08
-4.51562 0.0003125 8.9e+08
-4.55625 0 9e+08
-4.54219 0 9.1e+08
-4.52031 0 9.2e+08
-4.5125 0 9.3e+08
-4.51406 0 9.4e+08
-4.56719 0 9.5e+08
-4.57031 0 9.6e+08
-4.55312 0.0003125 9.7e+08
-4.52031 0 9.8e+08
-4.53906 0 9.9e+08
-4.55938 0 1e+09
