-4.875 -0.125 0
-4.48281 -0.3125 1e+07
-4.45625 -0.3125 2e+07
-4.52187 -0.3125 3e+07
-4.4625 -0.3125 4e+07
-4.47813 -0.3125 5e+07
-4.49062 -0.3125 6e+07
-4.44062 -0.30625 7e+07
-4.48906 -0.3125 8e+07
-4.50312 -0.3125 9e+07
-4.5125 -0.3125 1e+08
-4.47656 -0.30625 1.1e+08
-4.49219 -0.309375 1.2e+08
-4.48438 -0.3125 1.3e+08
-4.5125 -0.3125 1.4e+08
-4.51406 -0.3125 1.5e+08
-4.50781 -0.3125 1.6e+08
-4.49375 -0.3125 1.7e+08
-4.48438 -0.3125 1.8e+08
-4.49688 -0.3125 1.9e+08
-4.49688 -0.30625 2e+08
-4.44062 -0.309375 2.1e+08
-4.51094 -0.303125 2.2e+08
-4.53281 -0.309375 2.3e+08
-4.54375 -0.3125 2.4e+08
-4.51406 -0.3125 2.5e+08
-4.45469 -0.3125 2.6e+08
-4.49844 -0.30625 2.7e+08
-4.46094 -0.309375 2.8e+08
-4.53281 -0.309375 2.9e+08
-4.48125 -0.303125 3e+08
-4.46094 -0.309375 3.1e+08
-4.56719 -0.309375 3.2e+08
-4.55312 -0.3125 3.3e+08
-4.51094 -0.309375 3.4e+08
-4.57188 -0.3125 3.5e+08
-4.4125 -0.309375 3.6e+08
-4.52344 -0.309375 3.7e+08
-4.51562 -0.30625 3.8e+08
-4.45312 -0.3125 3.9e+08
-4.49844 -0.309375 4e+08
-4.57344 -0.30625 4.1e+08
-4.525 -0.3125 4.2e+08
-4.48594 -0.3125 4.3e+08
-4.56875 -0.3125 4.4e+08
-4.49219 -0.3125 4.5e+08
-4.59531 -0.309375 4.6e+08
-4.57969 -0.3125 4.7e+08
-4.54688 -0.309375 4.8e+08
-4.52031 -0.3125 4.9e+08
-4.50156 -0.3125 5e+08
-4.54844 -0.3125 5.1e+08
-4.50156 -0.30625 5.2e+08
-4.53125 -0.303125 5.3e+08
-4.49531 -0.3125 5.4e+08
-4.54063 -0.303125 5.5e+08
-4.59531 -0.3125 5.6e+08
-4.50938 -0.303125 5.7e+08
-4.525 -0.309375 5.8e+08
-4.5375 -0.3125 5.9e+08
-4.51094 -0.3125 6e+08
-4.55781 -0.309375 6.1e+08
-4.59687 -0.3125 6.2e+08
-4.54844 -0.30625 6.3e+08
-4.48906 -0.3125 6.4e+08
-4.5375 -0.309375 6.5e+08
-4.57188 -0.30625 6.6e+08
-4.55781 -0.3125 6.7e+08
-4.49531 -0.309375 6.8e+08
-4.54375 -0.309375 6.9e+08
-4.575 -0.3125 7e+08
-4.55 -0.3125 7.1e+08
-4.55781 -0.3125 7.2e+08
-4.575 -0.30625 7.3e+08
-4.57656 -0.309375 7.4e+08
-4.5875 -0.30625 7.5e+08
-4.47187 -0.30625 7.6e+08
-4.54063 -0.309375 7.7e+08
-4.48281 -0.3125 7.8e+08
-4.47813 -0.309375 7.9e+08
-4.52656 -0.309375 8e+08
-4.5125 -0.3125 8.1e+08
-4.4 -0.3125 8.2e+08
-4.5 -0.3125 8.3e+08
-4.45312 -0.3125 8.4e+08
-4.47187 -0.309375 8.5e+08
-4.48594 -0.3125 8.6e+08
-4.55312 -0.309375 8.7e+08
-4.5125 -0.309375 8.8e+08
-4.50312 -0.3125 8.9e+08
-4.55312 -0.3125 9e+08
-4.49219 -0.3125 9.1e+08
-4.55625 -0.3125 9.2e+08
-4.53281 -0.309375 9.3e+08
-4.48594 -0.30625 9.4e+08
-4.50156 -0.309375 9.5e+08
-4.44688 -0.309375 9.6e+08
-4.47187 -0.3125 9.7e+08
-4.47656 -0.309375 9.8e+08
-4.51094 -0.3125 9.9e+08
-4.50312 -0.309375 1e+09
