-4.875 -0.0375 0
-4.58906 -0.01125 1e+07
-4.52344 -0.005625 2e+07
-4.49219 -0.005625 3e+07
-4.57969 -0.00375 4e+07
-4.575 -0.0065625 5e+07
-4.48906 -0.0046875 6e+07
-4.49531 -0.0121875 7e+07
-4.5625 -0.0046875 8e+07
-4.54531 -0.0046875 9e+07
-4.54531 -0.005625 1e+08
-4.56875 -0.0178125 1.1e+08
-4.57031 -0.005625 1.2e+08
-4.5375 -0.0028125 1.3e+08
-4.56719 -0.00375 1.4e+08
-4.47656 -0.0028125 1.5e+08
-4.50312 -0.00375 1.6e+08
-4.48906 -0.0065625 1.7e+08
-4.52187 -0.00375 1.8e+08
-4.56562 -0.00375 1.9e+08
-4.57344 -0.001875 2e+08
-4.575 -0.005625 2.1e+08
-4.57656 -0.00375 2.2e+08
-4.53125 -0.0065625 2.3e+08
-4.51406 -0.005625 2.4e+08
-4.57812 -0.0084375 2.5e+08
-4.53437 -0.0046875 2.6e+08
-4.54063 -0.0065625 2.7e+08
-4.53125 -0.005625 2.8e+08
-4.54844 -0.0084375 2.9e+08
-4.53437 -0.0046875 3e+08
-4.51875 -0.005625 3.1e+08
-4.57344 -0.005625 3.2e+08
-4.56406 -0.0075 3.3e+08
-4.51562 0 3.4e+08
-4.52187 -0.0084375 3.5e+08
-4.55 -0.0121875 3.6e+08
-4.55938 -0.005625 3.7e+08
-4.53906 -0.0075 3.8e+08
-4.55312 -0.0028125 3.9e+08
-4.48594 -0.009375 4e+08
-4.50156 -0.00375 4.1e+08
-4.54375 -0.013125 4.2e+08
-4.49375 -0.0075 4.3e+08
-4.49688 -0.013125 4.4e+08
-4.52187 -0.0084375 4.5e+08
-4.56094 -0.00375 4.6e+08
-4.48125 -0.0046875 4.7e+08
-4.55 -0.0084375 4.8e+08
-4.57344 -0.0065625 4.9e+08
-4.47344 -0.0065625 5e+08
-4.52344 -0.005625 5.1e+08
-4.4875 -0.0075 5.2e+08
-4.525 -0.00375 5.3e+08
-4.48906 -0.0046875 5.4e+08
-4.57031 -0.005625 5.5e+08
-4.50469 -0.013125 5.6e+08
-4.57031 -0.00375 5.7e+08
-4.52187 -0.005625 5.8e+08
-4.5375 -0.0084375 5.9e+08
-4.54063 -0.0046875 6e+08
-4.51094 -0.00375 6.1e+08
-4.49844 -0.0028125 6.2e+08
-4.50938 -0.01125 6.3e+08
-4.49688 -0.0028125 6.4e+08
-4.4875 -0.0028125 6.5e+08
-4.54063 -0.001875 6.6e+08
-4.50156 -0.005625 6.7e+08
-4.54375 -0.0075 6.8e+08
-4.5 -0.005625 6.9e+08
-4.55625 -0.0046875 7e+08
-4.52656 -0.00375 7.1e+08
-4.53594 -0.0065625 7.2e+08
-4.50312 -0.009375 7.3e+08
-4.51562 -0.0084375 7.4e+08
-4.54844 -0.009375 7.5e+08
-4.52969 -0.0046875 7.6e+08
-4.52031 -0.0065625 7.7e+08
-4.44062 -0.0084375 7.8e+08
-4.56094 -0.001875 7.9e+08
-4.52031 -0.0084375 8e+08
-4.5375 -0.005625 8.1e+08
-4.50312 -0.0009375 8.2e+08
-4.53594 -0.00375 8.3e+08
-4.5 -0.00375 8.4e+08
-4.49375 -0.0084375 8.5e+08
-4.56406 -0.0028125 8.6e+08
-4.48594 -0.0065625 8.7e+08
-4.52187 -0.005625 8.8e+08
-4.48594 -0.01125 8.9e+08
-4.49219 -0.005625 9e+08
-4.56406 -0.0075 9.1e+08
-4.50625 -0.0065625 9.2e+08
-4.52969 -0.009375 9.3e+08
-4.50469 -0.0065625 9.4e+08
-4.54844 -0.0103125 9.5e+08
-4.53906 -0.005625 9.6e+08
-4.57344 -0.0103125 9.7e+08
-4.50781 -0.0046875 9.8e+08
-4.575 -0.0046875 9.9e+08
-4.57188 -0.001875 1e+09
