-4.875 -0.0625 0
-4.53125 -0.078125 1e+07
-4.54375 -0.0796875 2e+07
-4.5125 -0.0796875 3e+07
-4.47969 -0.104688 4e+07
-4.51562 -0.09375 5e+07
-4.49844 -0.075 6e+07
-4.49688 -0.0953125 7e+07
-4.4 -0.115625 8e+07
-4.55312 -0.0640625 9e+07
-4.50938 -0.0859375 1e+08
-4.5125 -0.0875 1.1e+08
-4.49531 -0.0875 1.2e+08
-4.49531 -0.1 1.3e+08
-4.54688 -0.0828125 1.4e+08
-4.47813 -0.0828125 1.5e+08
-4.51094 -0.0765625 1.6e+08
-4.41563 -0.103125 1.7e+08
-4.44844 -0.110937 1.8e+08
-4.43438 -0.0921875 1.9e+08
-4.45781 -0.0859375 2e+08
-4.47187 -0.0953125 2.1e+08
-4.52187 -0.084375 2.2e+08
-4.42188 -0.10625 2.3e+08
-4.48438 -0.11875 2.4e+08
-4.42031 -0.109375 2.5e+08
-4.42031 -0.103125 2.6e+08
-4.41875 -0.101562 2.7e+08
-4.48281 -0.08125 2.8e+08
-4.47656 -0.059375 2.9e+08
-4.53125 -0.0953125 3e+08
-4.53125 -0.101562 3.1e+08
-4.40937 -0.101562 3.2e+08
-4.46875 -0.0734375 3.3e+08
-4.47969 -0.10625 3.4e+08
-4.48594 -0.101562 3.5e+08
-4.4625 -0.0953125 3.6e+08
-4.51562 -0.120313 3.7e+08
-4.50312 -0.120313 3.8e+08
-4.52813 -0.109375 3.9e+08
-4.50781 -0.104688 4e+08
-4.52656 -0.120313 4.1e+08
-4.46563 -0.101562 4.2e+08
-4.45625 -0.084375 4.3e+08
-4.50781 -0.114062 4.4e+08
-4.50156 -0.126562 4.5e+08
-4.51406 -0.104688 4.6e+08
-4.47813 -0.101562 4.7e+08
-4.54063 -0.075 4.8e+08
-4.47187 -0.0828125 4.9e+08
-4.47813 -0.0984375 5e+08
-4.41094 -0.107813 5.1e+08
-4.50625 -0.10625 5.2e+08
-4.5125 -0.0984375 5.3e+08
-4.50312 -0.107813 5.4e+08
-4.52187 -0.0921875 5.5e+08
-4.53125 -0.117188 5.6e+08
-4.48438 -0.114062 5.7e+08
-4.46406 -0.128125 5.8e+08
-4.50156 -0.132812 5.9e+08
-4.50938 -0.117188 6e+08
-4.51406 -0.109375 6.1e+08
-4.47969 -0.1375 6.2e+08
-4.55781 -0.1375 6.3e+08
-4.5375 -0.126562 6.4e+08
-4.53437 -0.135937 6.5e+08
-4.47187 -0.134375 6.6e+08
-4.48906 -0.120313 6.7e+08
-4.52656 -0.139063 6.8e+08
-4.44844 -0.13125 6.9e+08
-4.47813 -0.11875 7e+08
-4.52187 -0.142187 7.1e+08
-4.48906 -0.125 7.2e+08
-4.49375 -0.129688 7.3e+08
-4.48906 -0.117188 7.4e+08
-4.44531 -0.123438 7.5e+08
-4.46094 -0.129688 7.6e+08
-4.55625 -0.140625 7.7e+08
-4.52031 -0.13125 7.8e+08
-4.53437 -0.123438 7.9e+08
-4.5 -0.115625 8e+08
-4.44219 -0.128125 8.1e+08
-4.49375 -0.128125 8.2e+08
-4.45469 -0.126562 8.3e+08
-4.50938 -0.140625 8.4e+08
-4.51094 -0.125 8.5e+08
-4.52031 -0.129688 8.6e+08
-4.49688 -0.128125 8.7e+08
-4.49219 -0.115625 8.8e+08
-4.5 -0.125 8.9e+08
-4.48125 -0.129688 9e+08
-4.525 -0.13125 9.1e+08
-4.4875 -0.10625 9.2e+08
-4.45625 -0.139063 9.3e+08
-4.50156 -0.125 9.4e+08
-4.54844 -0.129688 9.5e+08
-4.54219 -0.134375 9.6e+08
-4.46406 -0.123438 9.7e+08
-4.49844 -0.13125 9.8e+08
-4.525 -0.14375 9.9e+08
-4.50938 -0.13125 1e+09
