-4.875 -0.025 0
-4.58594 0 1e+07
-4.52344 -0.001875 2e+07
-4.58281 -0.00125 3e+07
-4.5 -0.000625 4e+07
-4.54844 -0.001875 5e+07
-4.54531 -0.001875 6e+07
-4.51875 0 7e+07
-4.6 -0.000625 8e+07
-4.52969 -0.00125 9e+07
-4.51719 -0.001875 1e+08
-4.52969 -0.00375 1.1e+08
-4.55781 -0.0025 1.2e+08
-4.47969 -0.001875 1.3e+08
-4.53594 -0.001875 1.4e+08
-4.55 0 1.5e+08
-4.54844 -0.0025 1.6e+08
-4.55312 0 1.7e+08
-4.52656 -0.000625 1.8e+08
-4.55625 -0.00125 1.9e+08
-4.51406 -0.000625 2e+08
-4.42969 -0.004375 2.1e+08
-4.55781 -0.001875 2.2e+08
-4.50781 -0.003125 2.3e+08
-4.53125 -0.0025 2.4e+08
-4.52187 0 2.5e+08
-4.4625 -0.000625 2.6e+08
-4.5375 -0.001875 2.7e+08
-4.56094 -0.003125 2.8e+08
-4.49531 -0.00125 2.9e+08
-4.55312 -0.0025 3e+08
-4.58125 -0.000625 3.1e+08
-4.49531 -0.00125 3.2e+08
-4.55 -0.00125 3.3e+08
-4.55312 0 3.4e+08
-4.50781 -0.0025 3.5e+08
-4.52656 -0.001875 3.6e+08
-4.52344 0 3.7e+08
-4.49844 -0.00125 3.8e+08
-4.575 -0.0025 3.9e+08
-4.50469 -0.001875 4e+08
-4.55312 -0.00125 4.1e+08
-4.55156 -0.000625 4.2e+08
-4.52031 -0.00375 4.3e+08
-4.49531 -0.001875 4.4e+08
-4.61406 -0.001875 4.5e+08
-4.47031 -0.00375 4.6e+08
-4.55312 -0.00125 4.7e+08
-4.54063 -0.0025 4.8e+08
-4.50625 -0.000625 4.9e+08
-4.50312 -0.001875 5e+08
-4.5125 -0.001875 5.1e+08
-4.52969 0 5.2e+08
-4.56406 -0.004375 5.3e+08
-4.52813 0 5.4e+08
-4.53125 -0.003125 5.5e+08
-4.525 -0.00375 5.6e+08
-4.61406 -0.001875 5.7e+08
-4.48438 -0.00125 5.8e+08
-4.51406 -0.00125 5.9e+08
-4.51562 -0.001875 6e+08
-4.55156 -0.003125 6.1e+08
-4.57188 -0.00125 6.2e+08
-4.56719 -0.00125 6.3e+08
-4.54375 -0.001875 6.4e+08
-4.55625 -0.00125 6.5e+08
-4.55 0 6.6e+08
-4.51094 -0.00125 6.7e+08
-4.53594 -0.000625 6.8e+08
-4.52344 -0.0025 6.9e+08
-4.475 -0.00375 7e+08
-4.53281 -0.001875 7.1e+08
-4.56875 -0.003125 7.2e+08
-4.53281 0 7.3e+08
-4.55 0 7.4e+08
-4.55625 -0.0025 7.5e+08
-4.4875 -0.00125 7.6e+08
-4.54063 -0.000625 7.7e+08
-4.55156 -0.00125 7.8e+08
-4.50312 -0.001875 7.9e+08
-4.51719 -0.003125 8e+08
-4.50781 -0.000625 8.1e+08
-4.54375 0 8.2e+08
-4.44062 -0.003125 8.3e+08
-4.53594 -0.004375 8.4e+08
-4.5375 -0.00125 8.5e+08
-4.58125 -0.000625 8.6e+08
-4.55156 0 8.7e+08
-4.54844 -0.0025 8.8e+08
-4.525 -0.0025 8.9e+08
-4.55156 -0.000625 9e+08
-4.57188 -0.00125 9.1e+08
-4.54375 0 9.2e+08
-4.53437 -0.000625 9.3e+08
-4.54063 -0.00125 9.4e+08
-4.56094 -0.004375 9.5e+08
-4.49062 -0.001875 9.6e+08
-4.57031 0 9.7e+08
-4.57656 -0.000625 9.8e+08
-4.54531 0 9.9e+08
-4.50781 -0.000625 1e+09
