-4.875 -0.075 0
-4.42812 -0.163125 1e+07
-4.47031 -0.166875 2e+07
-4.44531 -0.1725 3e+07
-4.39531 -0.166875 4e+07
-4.44844 -0.17625 5e+07
-4.39844 -0.165 6e+07
-4.45781 -0.17625 7e+07
-4.4375 -0.170625 8e+07
-4.53281 -0.159375 9e+07
-4.46875 -0.170625 1e+08
-4.42344 -0.140625 1.1e+08
-4.49219 -0.151875 1.2e+08
-4.41563 -0.159375 1.3e+08
-4.3875 -0.165 1.4e+08
-4.42188 -0.1575 1.5e+08
-4.46719 -0.151875 1.6e+08
-4.4625 -0.16875 1.7e+08
-4.47344 -0.17625 1.8e+08
-4.45781 -0.16125 1.9e+08
-4.425 -0.178125 2e+08
-4.49062 -0.170625 2.1e+08
-4.525 -0.166875 2.2e+08
-4.49062 -0.18 2.3e+08
-4.48125 -0.151875 2.4e+08
-4.4625 -0.166875 2.5e+08
-4.45312 -0.1575 2.6e+08
-4.44531 -0.174375 2.7e+08
-4.50781 -0.1725 2.8e+08
-4.44688 -0.165 2.9e+08
-4.51562 -0.170625 3e+08
-4.45469 -0.170625 3.1e+08
-4.46563 -0.159375 3.2e+08
-4.48281 -0.170625 3.3e+08
-4.49219 -0.15375 3.4e+08
-4.48906 -0.16875 3.5e+08
-4.50469 -0.1725 3.6e+08
-4.5125 -0.155625 3.7e+08
-4.53125 -0.166875 3.8e+08
-4.49688 -0.165 3.9e+08
-4.475 -0.155625 4e+08
-4.49219 -0.174375 4.1e+08
-4.41719 -0.174375 4.2e+08
-4.49688 -0.163125 4.3e+08
-4.44844 -0.174375 4.4e+08
-4.5125 -0.1725 4.5e+08
-4.43125 -0.170625 4.6e+08
-4.47344 -0.181875 4.7e+08
-4.52969 -0.16875 4.8e+08
-4.50625 -0.178125 4.9e+08
-4.55938 -0.18 5e+08
-4.51719 -0.165 5.1e+08
-4.51719 -0.170625 5.2e+08
-4.49062 -0.174375 5.3e+08
-4.51875 -0.170625 5.4e+08
-4.52344 -0.178125 5.5e+08
-4.50469 -0.16875 5.6e+08
-4.4875 -0.163125 5.7e+08
-4.50469 -0.174375 5.8e+08
-4.42344 -0.159375 5.9e+08
-4.48125 -0.170625 6e+08
-4.53281 -0.170625 6.1e+08
-4.54688 -0.174375 6.2e+08
-4.51406 -0.16875 6.3e+08
-4.52656 -0.17625 6.4e+08
-4.50938 -0.178125 6.5e+08
-4.525 -0.17625 6.6e+08
-4.56719 -0.18 6.7e+08
-4.49375 -0.1725 6.8e+08
-4.53906 -0.1575 6.9e+08
-4.52813 -0.1725 7e+08
-4.50625 -0.166875 7.1e+08
-4.54375 -0.16875 7.2e+08
-4.44219 -0.166875 7.3e+08
-4.53594 -0.1875 7.4e+08
-4.52031 -0.178125 7.5e+08
-4.5 -0.178125 7.6e+08
-4.46406 -0.16875 7.7e+08
-4.48906 -0.155625 7.8e+08
-4.48906 -0.16875 7.9e+08
-4.53125 -0.170625 8e+08
-4.52031 -0.18 8.1e+08
-4.49219 -0.166875 8.2e+08
-4.55625 -0.181875 8.3e+08
-4.57969 -0.178125 8.4e+08
-4.48281 -0.17625 8.5e+08
-4.46563 -0.170625 8.6e+08
-4.4875 -0.178125 8.7e+08
-4.50156 -0.159375 8.8e+08
-4.48125 -0.178125 8.9e+08
-4.45 -0.163125 9e+08
-4.52969 -0.174375 9.1e+08
-4.47187 -0.181875 9.2e+08
-4.50312 -0.178125 9.3e+08
-4.51406 -0.174375 9.4e+08
-4.49375 -0.18 9.5e+08
-4.55781 -0.165 9.6e+08
-4.55156 -0.178125 9.7e+08
-4.52344 -0.166875 9.8e+08
-4.58906 -0.174375 9.9e+08
-4.53281 -0.1725 1e+09
