0 0
0 1
0 2
0 3
0 4
0 5
0 6
0 7
0 8
0 9
0 10
0 11
0 12
0 13
0 14
0 15
0 16
0 17
0 18
0 19
0 20
0 21
0 22
0 23
0 24
0 25
0 26
0 27
0 28
0 29
0 30
0 31
0 32
0 33
0 34
0 35
0 36
0 37
0 38
0 39
0 40
0 41
0 42
0 43
0 44
0 45
0 46
0 47
0 48
0 49
0 50
0 51
0 52
0 53
0 54
0 55
0 56
0 57
0 58
0 59
0 60
0 61
0 62
0 63
0 64
0 65
0 66
0 67
0 68
0 69
0 70
0 71
0 72
0 73
0 74
0 75
0 76
0 77
0 78
0 79
0 80
0 81
0 82
0 83
0 84
0 85
0 86
0 87
0 88
0 89
0 90
0 91
0 92
0 93
0 94
0 95
0 96
0 97
0 98
0 99
0 100
0 101
0 102
0 103
0 104
0 105
0 106
0 107
0 108
0 109
0 110
0 111
0 112
0 113
0 114
0 115
0 116
0 117
0 118
0 119
0 120
0 121
0 122
0 123
0 124
0 125
0 126
0 127
0 128
0 129
0 130
0 131
0 132
0 133
0 134
0 135
0 136
0 137
0 138
0 139
0 140
0 141
0 142
0 143
0 144
0 145
0 146
0 147
0 148
0 149
0 150
0 151
0 152
0 153
0 154
0 155
0 156
0 157
0 158
0 159
0 160
0 161
0 162
0 163
0 164
0 165
0 166
0 167
0 168
0 169
0 170
0 171
0 172
0 173
0 174
0 175
0 176
0 177
0 178
0 179
0 180
0 181
0 182
0 183
0 184
0 185
0 186
0 187
0 188
0 189
0 190
0 191
0 192
0 193
0 194
0 195
0 196
0 197
0 198
0 199
1 0
1 1
1 2
1 3
1 4
1 5
1 6
1 7
1 8
1 9
1 10
1 11
1 12
1 13
1 14
1 15
1 16
1 17
1 18
1 19
1 20
1 21
1 22
1 23
1 24
1 25
1 26
1 27
1 28
1 29
1 30
1 31
1 32
1 33
1 34
1 35
1 36
1 37
1 38
1 39
1 40
1 41
1 42
1 43
1 44
1 45
1 46
1 47
1 48
1 49
1 50
1 51
1 52
1 53
1 54
1 55
1 56
1 57
1 58
1 59
1 60
1 61
1 62
1 63
1 64
1 65
1 66
1 67
1 68
1 69
1 70
1 71
1 72
1 73
1 74
1 75
1 76
1 77
1 78
1 79
1 80
1 81
1 82
1 83
1 84
1 85
1 87
1 88
1 89
1 90
1 91
1 92
1 93
1 94
1 95
1 96
1 97
1 98
1 99
1 100
1 101
1 102
1 103
1 104
1 105
1 106
1 107
1 108
1 109
1 110
1 111
1 112
1 113
1 114
1 115
1 116
1 117
1 118
1 119
1 120
1 121
1 122
1 123
1 124
1 125
1 126
1 127
1 128
1 129
1 130
1 131
1 132
1 133
1 134
1 135
1 136
1 137
1 138
1 139
1 140
1 141
1 142
1 143
1 144
1 145
1 146
1 147
1 148
1 149
1 150
1 151
1 152
1 153
1 154
1 155
1 156
1 157
1 158
1 159
1 160
1 161
1 162
1 163
1 164
1 165
1 166
1 167
1 168
1 169
1 170
1 171
1 172
1 173
1 174
1 175
1 176
1 177
1 178
1 179
1 180
1 181
1 182
1 183
1 184
1 185
1 186
1 187
1 188
1 189
1 190
1 191
1 192
1 193
1 194
1 195
1 196
1 197
1 198
1 199
2 0
2 1
2 2
2 3
2 4
2 5
2 6
2 7
2 8
2 9
2 10
2 11
2 12
2 13
2 14
2 15
2 16
2 17
2 18
2 19
2 20
2 21
2 22
2 23
2 24
2 25
2 26
2 27
2 28
2 29
2 30
2 31
2 32
2 33
2 34
2 35
2 36
2 37
2 38
2 39
2 40
2 41
2 42
2 43
2 44
2 45
2 46
2 47
2 48
2 49
2 50
2 51
2 52
2 53
2 54
2 55
2 56
2 57
2 58
2 59
2 60
2 61
2 62
2 63
2 64
2 65
2 66
2 67
2 68
2 69
2 70
2 71
2 72
2 73
2 74
2 75
2 76
2 77
2 78
2 79
2 80
2 81
2 82
2 83
2 84
2 85
2 86
2 87
2 88
2 89
2 90
2 91
2 92
2 93
2 94
2 95
2 96
2 97
2 98
2 99
2 100
2 101
2 102
2 103
2 104
2 105
2 106
2 107
2 108
2 109
2 110
2 111
2 112
2 113
2 114
2 115
2 116
2 117
2 118
2 119
2 120
2 121
2 122
2 123
2 124
2 125
2 126
2 127
2 128
2 129
2 130
2 131
2 132
2 133
2 134
2 135
2 136
2 137
2 138
2 139
2 140
2 141
2 142
2 143
2 144
2 145
2 146
2 147
2 148
2 149
2 150
2 151
2 152
2 153
2 154
2 155
2 156
2 157
2 158
2 159
2 160
2 161
2 162
2 163
2 164
2 165
2 166
2 167
2 168
2 169
2 170
2 171
2 172
2 173
2 174
2 175
2 176
2 177
2 178
2 179
2 180
2 181
2 182
2 183
2 184
2 185
2 186
2 187
2 188
2 189
2 190
2 191
2 192
2 193
2 194
2 195
2 196
2 197
2 198
2 199
3 0
3 1
3 2
3 3
3 4
3 5
3 6
3 7
3 8
3 9
3 10
3 11
3 12
3 13
3 14
3 15
3 16
3 17
3 18
3 19
3 20
3 21
3 22
3 23
3 24
3 25
3 26
3 27
3 28
3 29
3 30
3 31
3 32
3 33
3 34
3 35
3 36
3 37
3 38
3 39
3 40
3 41
3 42
3 43
3 44
3 45
3 46
3 47
3 48
3 49
3 50
3 51
3 52
3 53
3 54
3 55
3 56
3 57
3 58
3 59
3 60
3 61
3 62
3 63
3 64
3 65
3 66
3 67
3 68
3 69
3 70
3 71
3 72
3 73
3 74
3 75
3 76
3 77
3 78
3 79
3 80
3 81
3 82
3 83
3 84
3 85
3 86
3 87
3 88
3 89
3 90
3 91
3 92
3 93
3 94
3 95
3 96
3 97
3 98
3 99
3 100
3 101
3 102
3 103
3 104
3 105
3 106
3 107
3 108
3 109
3 110
3 111
3 112
3 113
3 114
3 115
3 116
3 117
3 118
3 119
3 120
3 121
3 122
3 123
3 124
3 125
3 126
3 127
3 128
3 129
3 130
3 131
3 132
3 133
3 134
3 135
3 136
3 137
3 138
3 139
3 140
3 141
3 142
3 143
3 144
3 145
3 146
3 147
3 148
3 149
3 150
3 151
3 152
3 153
3 154
3 155
3 156
3 157
3 158
3 159
3 160
3 161
3 162
3 163
3 164
3 165
3 166
3 167
3 168
3 169
3 170
3 171
3 172
3 173
3 174
3 175
3 176
3 177
3 178
3 179
3 180
3 181
3 182
3 183
3 184
3 185
3 186
3 187
3 188
3 189
3 190
3 191
3 192
3 193
3 194
3 195
3 196
3 197
3 198
3 199
4 0
4 1
4 2
4 3
4 4
4 5
4 6
4 7
4 8
4 9
4 10
4 11
4 12
4 13
4 14
4 15
4 16
4 17
4 18
4 19
4 20
4 21
4 22
4 23
4 24
4 25
4 26
4 27
4 28
4 29
4 30
4 31
4 32
4 33
4 34
4 35
4 36
4 37
4 38
4 39
4 40
4 41
4 42
4 43
4 44
4 45
4 46
4 47
4 48
4 49
4 50
4 51
4 52
4 53
4 54
4 55
4 56
4 57
4 58
4 59
4 60
4 61
4 62
4 63
4 64
4 65
4 66
4 67
4 68
4 69
4 70
4 71
4 72
4 73
4 74
4 75
4 76
4 77
4 78
4 79
4 80
4 81
4 82
4 83
4 84
4 85
4 86
4 87
4 88
4 89
4 90
4 91
4 92
4 93
4 94
4 95
4 96
4 97
4 98
4 99
4 100
4 101
4 102
4 103
4 104
4 105
4 106
4 107
4 108
4 109
4 110
4 111
4 112
4 113
4 114
4 115
4 116
4 117
4 118
4 119
4 120
4 121
4 122
4 123
4 124
4 125
4 126
4 127
4 128
4 129
4 130
4 131
4 132
4 133
4 134
4 135
4 136
4 137
4 138
4 139
4 140
4 141
4 142
4 143
4 144
4 145
4 146
4 147
4 148
4 149
4 150
4 151
4 152
4 153
4 154
4 155
4 156
4 157
4 158
4 159
4 160
4 161
4 162
4 163
4 164
4 165
4 166
4 167
4 168
4 169
4 170
4 171
4 172
4 173
4 174
4 175
4 176
4 177
4 178
4 179
4 180
4 181
4 182
4 183
4 184
4 185
4 186
4 187
4 188
4 189
4 190
4 191
4 192
4 193
4 194
4 195
4 196
4 197
4 198
4 199
5 0
5 1
5 2
5 3
5 4
5 5
5 6
5 7
5 8
5 9
5 10
5 11
5 12
5 13
5 14
5 15
5 16
5 17
5 18
5 19
5 20
5 21
5 22
5 23
5 24
5 25
5 26
5 27
5 28
5 29
5 30
5 31
5 32
5 33
5 34
5 35
5 36
5 37
5 38
5 39
5 41
5 42
5 43
5 44
5 45
5 46
5 48
5 49
5 50
5 51
5 52
5 53
5 54
5 55
5 56
5 57
5 58
5 59
5 60
5 61
5 62
5 63
5 64
5 65
5 66
5 67
5 68
5 69
5 70
5 71
5 72
5 73
5 74
5 75
5 76
5 77
5 78
5 79
5 80
5 81
5 82
5 83
5 84
5 85
5 86
5 87
5 88
5 89
5 90
5 91
5 92
5 93
5 94
5 95
5 96
5 97
5 98
5 99
5 100
5 101
5 102
5 103
5 104
5 105
5 106
5 107
5 108
5 109
5 110
5 111
5 112
5 113
5 114
5 115
5 116
5 117
5 118
5 119
5 120
5 121
5 122
5 123
5 124
5 125
5 126
5 127
5 128
5 129
5 130
5 131
5 132
5 133
5 134
5 135
5 136
5 137
5 138
5 139
5 140
5 141
5 142
5 143
5 144
5 145
5 146
5 147
5 148
5 149
5 150
5 151
5 152
5 153
5 154
5 155
5 156
5 157
5 158
5 159
5 160
5 161
5 162
5 163
5 164
5 165
5 166
5 167
5 168
5 169
5 170
5 171
5 172
5 173
5 174
5 175
5 176
5 177
5 178
5 179
5 180
5 181
5 182
5 183
5 185
5 186
5 187
5 188
5 189
5 190
5 191
5 192
5 193
5 194
5 195
5 196
5 197
5 198
5 199
6 0
6 1
6 2
6 3
6 4
6 5
6 6
6 7
6 8
6 9
6 10
6 11
6 12
6 13
6 14
6 15
6 16
6 17
6 18
6 19
6 20
6 21
6 23
6 24
6 25
6 26
6 27
6 28
6 29
6 30
6 31
6 32
6 33
6 34
6 35
6 36
6 37
6 38
6 39
6 40
6 41
6 42
6 43
6 44
6 45
6 46
6 48
6 49
6 50
6 51
6 52
6 53
6 54
6 55
6 56
6 57
6 58
6 59
6 60
6 61
6 62
6 63
6 64
6 65
6 66
6 67
6 68
6 69
6 70
6 71
6 72
6 73
6 74
6 75
6 76
6 77
6 78
6 79
6 80
6 81
6 82
6 83
6 84
6 85
6 86
6 87
6 88
6 89
6 90
6 91
6 92
6 93
6 94
6 95
6 96
6 97
6 98
6 99
6 100
6 101
6 102
6 103
6 104
6 105
6 106
6 107
6 108
6 109
6 110
6 111
6 112
6 113
6 114
6 115
6 116
6 117
6 118
6 119
6 120
6 121
6 122
6 123
6 124
6 125
6 126
6 127
6 128
6 129
6 130
6 131
6 132
6 133
6 134
6 135
6 136
6 137
6 138
6 139
6 140
6 141
6 142
6 143
6 144
6 145
6 146
6 147
6 148
6 149
6 150
6 151
6 153
6 154
6 155
6 156
6 157
6 158
6 159
6 160
6 161
6 162
6 163
6 164
6 165
6 166
6 167
6 168
6 169
6 170
6 171
6 172
6 173
6 174
6 175
6 176
6 177
6 178
6 179
6 180
6 181
6 182
6 183
6 184
6 185
6 186
6 187
6 188
6 189
6 190
6 191
6 192
6 193
6 194
6 195
6 196
6 197
6 198
6 199
7 0
7 1
7 2
7 3
7 4
7 5
7 6
7 7
7 8
7 9
7 10
7 11
7 12
7 13
7 14
7 15
7 16
7 17
7 18
7 19
7 20
7 21
7 22
7 23
7 24
7 25
7 26
7 27
7 28
7 29
7 30
7 31
7 32
7 33
7 34
7 35
7 36
7 37
7 38
7 39
7 40
7 41
7 42
7 43
7 44
7 48
7 49
7 50
7 51
7 52
7 53
7 54
7 55
7 56
7 57
7 58
7 59
7 60
7 61
7 62
7 63
7 64
7 65
7 66
7 67
7 68
7 69
7 70
7 71
7 72
7 73
7 74
7 75
7 76
7 77
7 78
7 79
7 80
7 81
7 82
7 83
7 84
7 85
7 86
7 87
7 88
7 89
7 90
7 91
7 92
7 93
7 94
7 95
7 96
7 97
7 98
7 99
7 100
7 101
7 102
7 103
7 104
7 105
7 106
7 107
7 108
7 109
7 110
7 111
7 112
7 113
7 114
7 115
7 116
7 117
7 118
7 120
7 121
7 122
7 123
7 124
7 125
7 126
7 127
7 128
7 129
7 132
7 134
7 135
7 136
7 137
7 138
7 139
7 140
7 141
7 142
7 143
7 144
7 145
7 146
7 147
7 148
7 150
7 151
7 152
7 153
7 154
7 155
7 156
7 157
7 158
7 159
7 160
7 161
7 162
7 163
7 164
7 165
7 166
7 167
7 168
7 169
7 170
7 171
7 172
7 173
7 174
7 175
7 176
7 177
7 178
7 179
7 180
7 181
7 182
7 183
7 184
7 185
7 186
7 187
7 188
7 189
7 190
7 191
7 192
7 193
7 194
7 195
7 196
7 197
7 198
7 199
8 0
8 1
8 2
8 3
8 4
8 5
8 6
8 7
8 8
8 9
8 10
8 11
8 12
8 13
8 14
8 15
8 16
8 17
8 18
8 19
8 20
8 21
8 22
8 23
8 24
8 25
8 26
8 27
8 28
8 29
8 30
8 31
8 32
8 33
8 34
8 35
8 36
8 37
8 38
8 39
8 40
8 41
8 42
8 43
8 44
8 45
8 47
8 48
8 49
8 50
8 51
8 52
8 53
8 54
8 55
8 56
8 59
8 60
8 61
8 62
8 63
8 64
8 65
8 67
8 68
8 69
8 70
8 71
8 72
8 73
8 74
8 75
8 76
8 77
8 78
8 79
8 80
8 81
8 82
8 83
8 84
8 85
8 86
8 87
8 88
8 89
8 90
8 91
8 92
8 93
8 94
8 95
8 96
8 97
8 98
8 99
8 100
8 101
8 102
8 103
8 104
8 105
8 106
8 107
8 108
8 109
8 110
8 111
8 112
8 113
8 114
8 115
8 116
8 117
8 118
8 120
8 121
8 122
8 123
8 124
8 125
8 126
8 127
8 128
8 132
8 134
8 135
8 136
8 137
8 138
8 139
8 140
8 141
8 142
8 143
8 144
8 145
8 146
8 147
8 151
8 152
8 153
8 154
8 155
8 161
8 162
8 163
8 164
8 165
8 166
8 167
8 168
8 169
8 170
8 171
8 172
8 173
8 174
8 175
8 176
8 177
8 178
8 179
8 180
8 181
8 182
8 183
8 184
8 185
8 186
8 187
8 188
8 189
8 190
8 191
8 192
8 193
8 194
8 195
8 196
8 197
8 198
8 199
9 0
9 1
9 2
9 3
9 4
9 5
9 6
9 7
9 8
9 9
9 10
9 11
9 12
9 13
9 14
9 15
9 16
9 17
9 18
9 19
9 20
9 21
9 22
9 23
9 24
9 25
9 26
9 27
9 28
9 29
9 30
9 31
9 32
9 33
9 34
9 35
9 36
9 37
9 38
9 39
9 40
9 41
9 42
9 43
9 44
9 45
9 46
9 47
9 48
9 49
9 50
9 51
9 52
9 53
9 54
9 55
9 56
9 57
9 58
9 59
9 60
9 61
9 62
9 63
9 64
9 65
9 66
9 67
9 68
9 69
9 70
9 71
9 72
9 73
9 74
9 75
9 76
9 77
9 78
9 79
9 80
9 81
9 82
9 83
9 84
9 85
9 86
9 87
9 88
9 89
9 90
9 91
9 92
9 93
9 94
9 95
9 96
9 97
9 98
9 99
9 100
9 101
9 102
9 103
9 104
9 105
9 106
9 107
9 108
9 109
9 110
9 111
9 112
9 113
9 116
9 121
9 122
9 123
9 124
9 125
9 126
9 127
9 128
9 134
9 135
9 138
9 139
9 140
9 141
9 142
9 143
9 144
9 145
9 146
9 147
9 151
9 152
9 153
9 154
9 161
9 162
9 163
9 164
9 165
9 166
9 167
9 168
9 169
9 170
9 171
9 172
9 173
9 174
9 175
9 176
9 177
9 178
9 179
9 180
9 181
9 182
9 183
9 184
9 185
9 186
9 187
9 188
9 189
9 190
9 191
9 192
9 193
9 194
9 195
9 197
9 198
9 199
10 0
10 1
10 2
10 3
10 4
10 5
10 6
10 7
10 8
10 9
10 10
10 11
10 12
10 13
10 14
10 15
10 16
10 17
10 18
10 19
10 20
10 21
10 22
10 23
10 24
10 25
10 26
10 27
10 28
10 29
10 30
10 31
10 32
10 33
10 34
10 35
10 36
10 37
10 38
10 39
10 40
10 41
10 42
10 43
10 44
10 45
10 46
10 47
10 48
10 49
10 50
10 51
10 52
10 53
10 54
10 55
10 56
10 57
10 58
10 59
10 60
10 61
10 62
10 63
10 64
10 65
10 66
10 67
10 68
10 69
10 70
10 71
10 72
10 73
10 74
10 75
10 76
10 77
10 78
10 79
10 80
10 81
10 82
10 83
10 84
10 85
10 86
10 87
10 88
10 89
10 90
10 91
10 92
10 93
10 94
10 95
10 98
10 99
10 100
10 101
10 102
10 103
10 104
10 105
10 106
10 107
10 108
10 109
10 110
10 111
10 122
10 123
10 124
10 125
10 126
10 127
10 128
10 129
10 138
10 139
10 140
10 141
10 143
10 144
10 146
10 147
10 152
10 161
10 162
10 164
10 166
10 167
10 168
10 169
10 170
10 171
10 172
10 173
10 174
10 175
10 176
10 177
10 178
10 179
10 180
10 181
10 182
10 183
10 184
10 185
10 186
10 187
10 188
10 189
10 190
10 191
10 192
10 193
10 194
10 195
10 196
10 197
10 198
10 199
11 0
11 1
11 2
11 3
11 4
11 5
11 6
11 7
11 8
11 9
11 10
11 11
11 12
11 13
11 14
11 15
11 16
11 17
11 18
11 19
11 20
11 21
11 22
11 23
11 24
11 25
11 26
11 27
11 28
11 29
11 30
11 31
11 32
11 33
11 34
11 35
11 36
11 37
11 38
11 39
11 40
11 41
11 42
11 43
11 44
11 45
11 46
11 47
11 48
11 49
11 50
11 51
11 52
11 53
11 54
11 55
11 56
11 58
11 59
11 60
11 61
11 62
11 63
11 64
11 65
11 66
11 67
11 68
11 69
11 70
11 71
11 72
11 73
11 74
11 75
11 76
11 77
11 78
11 79
11 80
11 81
11 82
11 83
11 84
11 85
11 86
11 87
11 88
11 90
11 91
11 92
11 93
11 94
11 95
11 96
11 98
11 99
11 100
11 101
11 102
11 103
11 104
11 105
11 106
11 107
11 108
11 109
11 110
11 111
11 123
11 124
11 125
11 126
11 139
11 140
11 161
11 164
11 165
11 166
11 167
11 168
11 169
11 170
11 171
11 172
11 173
11 174
11 175
11 176
11 177
11 178
11 179
11 180
11 181
11 182
11 183
11 184
11 185
11 186
11 187
11 188
11 189
11 190
11 191
11 192
11 193
11 194
11 195
11 196
11 197
11 198
11 199
12 0
12 1
12 2
12 3
12 4
12 5
12 6
12 7
12 8
12 9
12 10
12 11
12 12
12 13
12 14
12 15
12 16
12 17
12 18
12 19
12 20
12 21
12 22
12 23
12 24
12 25
12 26
12 27
12 28
12 29
12 30
12 31
12 32
12 33
12 34
12 35
12 36
12 37
12 38
12 39
12 40
12 41
12 42
12 43
12 44
12 45
12 46
12 47
12 48
12 49
12 50
12 51
12 52
12 53
12 54
12 55
12 56
12 59
12 60
12 61
12 62
12 63
12 64
12 65
12 66
12 67
12 69
12 70
12 71
12 72
12 73
12 74
12 75
12 76
12 77
12 78
12 79
12 80
12 82
12 83
12 84
12 85
12 86
12 87
12 88
12 89
12 90
12 91
12 99
12 100
12 101
12 102
12 103
12 104
12 105
12 114
12 115
12 140
12 165
12 168
12 169
12 170
12 171
12 172
12 173
12 174
12 175
12 176
12 177
12 178
12 180
12 181
12 182
12 183
12 184
12 185
12 186
12 187
12 188
12 189
12 190
12 191
12 192
12 193
12 194
12 195
12 196
12 197
12 198
12 199
13 0
13 1
13 2
13 3
13 4
13 5
13 6
13 7
13 8
13 9
13 10
13 11
13 12
13 13
13 14
13 15
13 16
13 17
13 18
13 19
13 20
13 21
13 22
13 23
13 24
13 25
13 26
13 27
13 28
13 29
13 30
13 31
13 32
13 33
13 34
13 35
13 36
13 37
13 38
13 39
13 40
13 41
13 44
13 45
13 46
13 47
13 48
13 49
13 50
13 51
13 52
13 53
13 54
13 55
13 56
13 57
13 58
13 59
13 60
13 61
13 62
13 63
13 64
13 65
13 66
13 67
13 68
13 69
13 70
13 71
13 72
13 73
13 74
13 75
13 76
13 77
13 78
13 79
13 80
13 81
13 82
13 83
13 84
13 85
13 86
13 87
13 88
13 89
13 100
13 101
13 102
13 103
13 104
13 105
13 139
13 169
13 170
13 171
13 172
13 173
13 181
13 182
13 183
13 184
13 185
13 186
13 187
13 188
13 189
13 190
13 191
13 192
13 193
13 194
13 195
13 196
13 197
13 198
13 199
14 0
14 1
14 2
14 3
14 4
14 5
14 6
14 7
14 8
14 9
14 10
14 11
14 12
14 13
14 14
14 15
14 16
14 17
14 18
14 19
14 20
14 21
14 22
14 23
14 24
14 25
14 26
14 27
14 28
14 29
14 30
14 31
14 32
14 33
14 34
14 35
14 36
14 37
14 38
14 39
14 40
14 44
14 45
14 46
14 47
14 49
14 50
14 51
14 52
14 53
14 54
14 55
14 56
14 57
14 58
14 59
14 60
14 61
14 62
14 63
14 64
14 65
14 66
14 67
14 68
14 69
14 70
14 71
14 72
14 73
14 76
14 77
14 78
14 80
14 81
14 82
14 83
14 84
14 85
14 86
14 87
14 88
14 89
14 100
14 101
14 102
14 103
14 104
14 105
14 182
14 183
14 184
14 185
14 186
14 187
14 188
14 189
14 190
14 191
14 192
14 193
14 194
14 195
14 196
14 197
14 198
14 199
15 0
15 1
15 2
15 3
15 13
15 14
15 15
15 16
15 17
15 18
15 19
15 20
15 21
15 22
15 23
15 24
15 25
15 26
15 27
15 28
15 29
15 30
15 31
15 32
15 33
15 34
15 35
15 36
15 37
15 38
15 39
15 40
15 44
15 46
15 49
15 50
15 51
15 52
15 53
15 54
15 55
15 56
15 57
15 58
15 59
15 60
15 61
15 62
15 63
15 64
15 65
15 66
15 67
15 68
15 69
15 70
15 71
15 72
15 73
15 76
15 77
15 78
15 81
15 82
15 83
15 84
15 85
15 86
15 87
15 88
15 89
15 100
15 101
15 102
15 183
15 184
15 185
15 186
15 187
15 188
15 189
15 190
15 191
15 192
15 193
15 194
15 195
15 196
15 197
15 198
15 199
16 0
16 1
16 3
16 14
16 15
16 16
16 17
16 18
16 19
16 20
16 21
16 22
16 23
16 24
16 25
16 26
16 27
16 28
16 29
16 30
16 31
16 32
16 33
16 34
16 35
16 36
16 37
16 38
16 44
16 49
16 50
16 51
16 52
16 53
16 54
16 55
16 56
16 57
16 58
16 59
16 60
16 61
16 62
16 63
16 64
16 65
16 66
16 68
16 69
16 70
16 71
16 72
16 73
16 83
16 100
16 101
16 102
16 125
16 155
16 183
16 184
16 185
16 186
16 187
16 188
16 189
16 198
16 199
17 16
17 17
17 18
17 19
17 20
17 21
17 22
17 23
17 24
17 25
17 26
17 27
17 28
17 29
17 36
17 37
17 38
17 50
17 53
17 54
17 55
17 56
17 57
17 58
17 59
17 60
17 61
17 62
17 63
17 64
17 65
17 66
17 67
17 68
17 69
17 70
17 71
17 72
17 83
17 100
17 101
17 110
17 130
17 131
17 132
17 184
17 185
17 186
17 187
17 188
17 189
18 19
18 20
18 21
18 22
18 24
18 25
18 26
18 28
18 36
18 37
18 38
18 53
18 54
18 55
18 56
18 57
18 58
18 59
18 60
18 61
18 62
18 63
18 64
18 67
18 68
18 69
18 70
18 83
18 110
18 170
18 185
18 186
18 187
18 189
18 195
19 20
19 21
19 36
19 54
19 55
19 56
19 57
19 69
19 110
19 124
19 125
19 129
20 54
20 55
20 56
20 57
20 65
20 69
21 13
21 20
21 56
21 57
22 138
24 127
25 57
25 60
26 60
26 73
28 59
28 128
29 56
29 110
29 111
29 174
30 110
30 111
30 151
30 168
31 35
31 41
31 128
32 34
32 35
34 118
34 129
35 35
35 193
36 23
36 24
36 180
37 24
37 46
38 43
38 185
40 99
41 87
41 98
41 99
41 158
41 159
41 177
41 185
42 55
42 98
42 158
42 159
42 160
43 86
43 122
43 126
43 158
43 159
43 160
43 189
44 91
44 92
44 159
45 91
45 92
46 91
46 92
46 96
47 4
47 98
47 99
48 10
48 11
49 10
49 11
49 28
49 192
50 4
50 5
50 72
50 83
50 136
51 15
51 96
52 34
52 112
53 85
53 112
53 114
53 194
55 42
56 94
56 95
57 94
57 147
62 174
62 185
63 78
63 114
63 119
64 157
65 47
65 112
65 122
66 5
66 49
66 124
69 96
69 97
69 190
70 12
70 111
71 82
71 178
72 2
72 162
73 45
73 72
73 73
74 15
74 150
75 148
75 172
76 82
76 112
77 19
77 140
77 193
77 195
78 69
78 112
78 129
79 159
80 17
81 40
82 29
82 34
83 35
84 88
86 153
87 194
88 12
88 61
88 162
89 94
89 121
89 188
90 165
90 194
91 49
91 54
91 66
91 160
91 165
91 166
91 191
91 192
92 49
92 54
92 111
92 166
94 64
94 70
95 64
96 13
96 14
96 134
97 63
97 192
98 102
98 183
98 195
99 110
99 155
100 171
100 181
101 71
101 97
101 171
103 12
105 30
105 61
107 68
107 166
108 68
108 88
109 88
110 180
112 106
113 14
114 110
115 79
115 131
116 17
116 18
116 42
116 126
117 2
117 161
118 5
118 6
118 55
118 165
119 48
119 95
120 151
120 152
121 31
122 37
122 54
122 168
123 63
123 127
124 62
126 119
127 58
127 83
127 187
128 187
129 31
131 52
131 71
131 72
132 5
132 71
132 72
132 89
132 139
133 120
134 40
134 153
134 184
135 92
135 93
135 160
135 173
136 152
136 153
137 41
137 170
138 24
138 31
139 28
139 29
139 30
139 31
139 32
140 5
140 28
140 29
140 31
141 12
141 36
141 94
141 107
142 189
143 189
143 191
144 153
144 191
145 192
146 192
147 73
147 141
148 91
148 123
148 127
150 28
150 123
150 131
151 159
151 162
152 125
153 122
154 133
154 163
156 141
157 141
157 142
157 173
157 190
158 118
158 141
161 26
161 75
163 187
165 146
165 169
167 66
167 181
168 89
168 90
168 186
169 8
169 106
169 123
170 49
171 13
171 16
171 35
171 36
171 75
171 88
172 21
173 154
174 68
174 69
174 70
174 122
175 67
175 68
175 69
175 70
175 112
176 67
176 68
176 69
176 70
176 82
176 119
176 167
177 66
177 67
177 68
177 69
177 70
177 75
177 76
177 77
177 78
177 81
177 82
177 83
177 93
178 66
178 67
178 68
178 69
178 70
178 71
178 72
178 74
178 75
178 76
178 77
178 78
178 80
178 81
178 82
178 83
178 84
178 87
178 88
178 89
178 90
178 91
178 92
178 154
178 155
178 158
179 61
179 62
179 63
179 64
179 65
179 66
179 67
179 68
179 69
179 70
179 71
179 72
179 73
179 74
179 75
179 76
179 77
179 78
179 79
179 80
179 81
179 82
179 83
179 84
179 85
179 86
179 87
179 88
179 89
179 90
179 91
179 92
179 93
179 94
179 151
179 152
179 153
179 154
179 155
179 156
179 157
179 161
179 184
179 185
180 59
180 60
180 61
180 62
180 63
180 64
180 65
180 66
180 67
180 68
180 69
180 70
180 71
180 72
180 73
180 75
180 76
180 77
180 78
180 79
180 80
180 81
180 82
180 83
180 84
180 85
180 86
180 87
180 88
180 89
180 91
180 92
180 93
180 94
180 95
180 96
180 97
180 98
180 135
180 136
180 147
180 148
180 149
180 150
180 151
180 152
180 153
180 154
180 155
180 156
180 157
180 161
180 162
180 163
181 17
181 18
181 19
181 20
181 21
181 22
181 56
181 57
181 58
181 59
181 60
181 61
181 62
181 63
181 64
181 65
181 66
181 67
181 68
181 69
181 70
181 71
181 72
181 73
181 75
181 76
181 77
181 78
181 79
181 80
181 81
181 82
181 83
181 84
181 86
181 87
181 88
181 89
181 90
181 91
181 92
181 93
181 94
181 95
181 96
181 97
181 98
181 99
181 100
181 101
181 102
181 103
181 135
181 136
181 137
181 138
181 139
181 143
181 144
181 145
181 146
181 147
181 148
181 149
181 150
181 151
181 152
181 153
181 154
181 155
181 156
181 157
181 159
181 161
181 162
181 163
182 20
182 21
182 22
182 57
182 58
182 59
182 60
182 61
182 62
182 63
182 64
182 65
182 66
182 67
182 68
182 69
182 70
182 71
182 72
182 73
182 74
182 75
182 76
182 77
182 78
182 79
182 80
182 81
182 82
182 83
182 84
182 85
182 86
182 87
182 88
182 89
182 90
182 91
182 92
182 93
182 94
182 95
182 96
182 97
182 98
182 99
182 100
182 101
182 102
182 103
182 104
182 105
182 106
182 107
182 108
182 125
182 126
182 133
182 134
182 135
182 136
182 137
182 138
182 139
182 140
182 141
182 142
182 143
182 144
182 145
182 146
182 147
182 148
182 149
182 150
182 151
182 152
182 153
182 154
182 155
182 156
182 157
182 158
182 159
182 160
182 161
182 162
182 163
182 164
183 18
183 19
183 20
183 21
183 22
183 24
183 56
183 57
183 58
183 59
183 60
183 61
183 62
183 63
183 64
183 65
183 66
183 67
183 68
183 69
183 70
183 71
183 72
183 73
183 74
183 75
183 76
183 77
183 78
183 79
183 80
183 81
183 82
183 83
183 84
183 85
183 86
183 87
183 88
183 89
183 90
183 91
183 92
183 93
183 94
183 95
183 96
183 97
183 98
183 99
183 100
183 101
183 102
183 103
183 104
183 105
183 106
183 107
183 108
183 109
183 116
183 117
183 118
183 132
183 133
183 134
183 135
183 136
183 137
183 138
183 139
183 140
183 141
183 142
183 143
183 144
183 145
183 146
183 147
183 148
183 149
183 150
183 151
183 152
183 153
183 154
183 155
183 156
183 157
183 158
183 159
183 160
183 161
183 162
183 163
183 164
183 167
183 173
183 174
183 176
183 193
184 0
184 18
184 19
184 20
184 21
184 22
184 23
184 24
184 25
184 56
184 57
184 58
184 59
184 60
184 61
184 62
184 63
184 64
184 65
184 66
184 67
184 68
184 69
184 70
184 71
184 72
184 73
184 74
184 75
184 76
184 77
184 78
184 79
184 80
184 81
184 82
184 83
184 84
184 85
184 86
184 87
184 88
184 89
184 90
184 91
184 92
184 93
184 94
184 95
184 96
184 97
184 98
184 99
184 100
184 101
184 102
184 103
184 104
184 105
184 106
184 107
184 108
184 109
184 110
184 115
184 116
184 117
184 118
184 131
184 132
184 133
184 134
184 135
184 136
184 137
184 138
184 139
184 140
184 141
184 142
184 143
184 144
184 145
184 146
184 147
184 148
184 149
184 150
184 151
184 152
184 153
184 154
184 155
184 156
184 157
184 158
184 159
184 160
184 161
184 162
184 163
184 164
184 167
184 171
184 172
184 173
184 174
184 176
185 0
185 18
185 19
185 20
185 21
185 22
185 23
185 24
185 25
185 57
185 58
185 59
185 60
185 61
185 62
185 63
185 64
185 65
185 66
185 67
185 68
185 69
185 70
185 71
185 72
185 73
185 74
185 75
185 76
185 77
185 78
185 79
185 80
185 81
185 82
185 83
185 84
185 85
185 86
185 87
185 88
185 89
185 90
185 91
185 92
185 93
185 94
185 95
185 96
185 97
185 98
185 99
185 100
185 101
185 102
185 103
185 104
185 105
185 106
185 107
185 108
185 109
185 110
185 111
185 112
185 113
185 114
185 115
185 116
185 117
185 118
185 119
185 120
185 129
185 130
185 131
185 132
185 133
185 134
185 135
185 136
185 137
185 138
185 139
185 140
185 141
185 142
185 143
185 144
185 145
185 146
185 147
185 148
185 149
185 150
185 151
185 152
185 153
185 154
185 155
185 156
185 157
185 158
185 159
185 160
185 161
185 162
185 163
185 164
185 165
185 166
185 167
185 170
185 171
185 172
185 173
185 174
186 18
186 19
186 20
186 21
186 22
186 23
186 24
186 25
186 41
186 42
186 43
186 44
186 45
186 46
186 47
186 53
186 55
186 56
186 57
186 58
186 59
186 60
186 61
186 62
186 63
186 64
186 65
186 66
186 67
186 68
186 69
186 70
186 71
186 72
186 73
186 74
186 75
186 76
186 77
186 78
186 79
186 80
186 81
186 82
186 83
186 84
186 85
186 86
186 87
186 88
186 89
186 90
186 91
186 92
186 93
186 94
186 95
186 96
186 97
186 98
186 99
186 100
186 101
186 102
186 103
186 104
186 105
186 106
186 107
186 108
186 109
186 110
186 111
186 112
186 113
186 114
186 115
186 116
186 117
186 118
186 119
186 120
186 121
186 122
186 123
186 124
186 129
186 130
186 131
186 132
186 133
186 135
186 136
186 137
186 138
186 139
186 140
186 141
186 142
186 143
186 144
186 145
186 146
186 147
186 148
186 149
186 150
186 151
186 152
186 153
186 154
186 155
186 156
186 157
186 158
186 159
186 160
186 161
186 162
186 163
186 164
186 165
186 166
186 167
186 168
186 169
186 170
186 171
186 172
186 173
186 174
186 175
186 180
186 181
186 182
186 184
187 18
187 19
187 20
187 21
187 22
187 23
187 24
187 25
187 26
187 27
187 41
187 42
187 43
187 44
187 45
187 46
187 47
187 55
187 56
187 57
187 58
187 59
187 60
187 61
187 62
187 63
187 64
187 65
187 66
187 67
187 68
187 69
187 70
187 71
187 72
187 73
187 75
187 76
187 77
187 78
187 79
187 80
187 81
187 82
187 83
187 84
187 85
187 86
187 87
187 88
187 89
187 90
187 91
187 92
187 93
187 94
187 95
187 96
187 97
187 98
187 99
187 100
187 101
187 102
187 103
187 104
187 105
187 106
187 107
187 108
187 109
187 110
187 111
187 112
187 113
187 114
187 115
187 116
187 117
187 118
187 119
187 120
187 121
187 122
187 123
187 124
187 125
187 126
187 127
187 128
187 129
187 130
187 131
187 132
187 133
187 134
187 135
187 136
187 137
187 138
187 140
187 141
187 142
187 143
187 144
187 145
187 146
187 147
187 148
187 149
187 150
187 151
187 152
187 153
187 154
187 155
187 156
187 157
187 158
187 159
187 160
187 161
187 162
187 163
187 164
187 165
187 166
187 167
187 168
187 169
187 170
187 171
187 172
187 173
187 174
187 175
187 176
187 177
187 178
187 179
187 180
187 181
187 182
187 183
187 184
187 185
188 3
188 17
188 18
188 19
188 20
188 21
188 22
188 23
188 24
188 25
188 26
188 27
188 33
188 34
188 35
188 36
188 37
188 38
188 39
188 40
188 41
188 42
188 43
188 44
188 45
188 46
188 47
188 48
188 54
188 55
188 56
188 57
188 58
188 59
188 60
188 61
188 62
188 63
188 64
188 65
188 66
188 67
188 68
188 69
188 70
188 71
188 72
188 73
188 74
188 75
188 76
188 77
188 78
188 79
188 80
188 81
188 82
188 83
188 84
188 85
188 86
188 87
188 88
188 89
188 90
188 91
188 92
188 93
188 94
188 95
188 96
188 97
188 98
188 99
188 100
188 101
188 102
188 103
188 104
188 105
188 106
188 107
188 108
188 109
188 110
188 111
188 112
188 113
188 114
188 115
188 116
188 117
188 118
188 119
188 120
188 121
188 122
188 123
188 124
188 125
188 126
188 127
188 128
188 129
188 130
188 131
188 132
188 133
188 134
188 135
188 136
188 137
188 138
188 141
188 142
188 143
188 144
188 145
188 146
188 147
188 148
188 149
188 150
188 151
188 152
188 153
188 154
188 155
188 156
188 157
188 158
188 159
188 160
188 161
188 162
188 163
188 165
188 166
188 167
188 168
188 169
188 170
188 171
188 172
188 173
188 174
188 175
188 176
188 177
188 178
188 179
188 180
188 181
188 182
188 183
188 184
188 185
188 186
189 0
189 1
189 2
189 3
189 4
189 8
189 9
189 10
189 11
189 17
189 18
189 19
189 20
189 21
189 22
189 23
189 24
189 25
189 26
189 27
189 31
189 32
189 33
189 34
189 35
189 36
189 37
189 38
189 39
189 40
189 41
189 42
189 43
189 44
189 45
189 46
189 47
189 48
189 54
189 55
189 56
189 57
189 58
189 59
189 60
189 61
189 62
189 63
189 64
189 65
189 67
189 68
189 69
189 70
189 71
189 72
189 73
189 74
189 75
189 76
189 77
189 78
189 79
189 80
189 82
189 83
189 84
189 85
189 86
189 87
189 88
189 89
189 90
189 91
189 92
189 93
189 94
189 95
189 96
189 97
189 98
189 99
189 100
189 101
189 102
189 103
189 104
189 105
189 106
189 107
189 108
189 109
189 110
189 111
189 112
189 113
189 114
189 115
189 116
189 117
189 118
189 119
189 120
189 121
189 122
189 123
189 124
189 125
189 126
189 127
189 128
189 129
189 130
189 131
189 132
189 133
189 134
189 135
189 136
189 137
189 138
189 139
189 140
189 141
189 142
189 143
189 144
189 145
189 146
189 147
189 148
189 149
189 150
189 151
189 152
189 153
189 154
189 155
189 156
189 157
189 158
189 159
189 160
189 161
189 162
189 163
189 164
189 165
189 166
189 167
189 168
189 169
189 170
189 171
189 172
189 173
189 174
189 175
189 176
189 177
189 178
189 179
189 180
189 181
189 182
189 183
189 184
189 185
189 186
189 195
189 198
189 199
190 0
190 1
190 2
190 3
190 4
190 5
190 6
190 7
190 8
190 9
190 10
190 11
190 12
190 17
190 18
190 19
190 20
190 21
190 22
190 23
190 24
190 25
190 26
190 27
190 28
190 31
190 32
190 33
190 34
190 35
190 36
190 37
190 38
190 39
190 40
190 41
190 42
190 44
190 45
190 46
190 47
190 48
190 49
190 53
190 54
190 55
190 56
190 57
190 58
190 59
190 60
190 61
190 62
190 63
190 64
190 65
190 66
190 67
190 68
190 69
190 70
190 71
190 72
190 73
190 74
190 75
190 76
190 77
190 78
190 79
190 80
190 81
190 82
190 83
190 84
190 85
190 86
190 87
190 88
190 89
190 90
190 91
190 92
190 93
190 94
190 95
190 96
190 97
190 98
190 99
190 100
190 101
190 102
190 103
190 104
190 105
190 106
190 107
190 108
190 109
190 110
190 111
190 112
190 113
190 114
190 115
190 116
190 117
190 118
190 119
190 120
190 121
190 122
190 123
190 124
190 125
190 126
190 127
190 128
190 129
190 130
190 131
190 132
190 133
190 134
190 135
190 136
190 137
190 138
190 139
190 140
190 141
190 142
190 143
190 144
190 145
190 146
190 147
190 148
190 149
190 150
190 151
190 152
190 153
190 154
190 155
190 156
190 157
190 158
190 159
190 160
190 161
190 162
190 163
190 164
190 165
190 166
190 167
190 168
190 169
190 170
190 171
190 172
190 173
190 174
190 175
190 176
190 177
190 178
190 179
190 180
190 182
190 183
190 184
190 185
190 186
190 193
190 194
190 195
190 196
190 197
190 198
190 199
191 0
191 1
191 2
191 3
191 4
191 5
191 6
191 7
191 8
191 9
191 10
191 11
191 12
191 13
191 15
191 16
191 17
191 18
191 19
191 20
191 21
191 22
191 23
191 24
191 25
191 26
191 27
191 28
191 29
191 30
191 31
191 32
191 33
191 34
191 35
191 36
191 37
191 38
191 39
191 40
191 41
191 42
191 43
191 44
191 45
191 46
191 47
191 48
191 49
191 50
191 51
191 52
191 53
191 54
191 55
191 56
191 57
191 58
191 59
191 60
191 61
191 62
191 63
191 64
191 65
191 66
191 67
191 69
191 70
191 71
191 72
191 73
191 74
191 75
191 76
191 77
191 78
191 79
191 80
191 81
191 82
191 83
191 84
191 85
191 86
191 87
191 88
191 89
191 90
191 91
191 92
191 93
191 94
191 95
191 96
191 97
191 98
191 99
191 100
191 101
191 102
191 103
191 104
191 105
191 106
191 107
191 108
191 109
191 110
191 111
191 112
191 113
191 114
191 115
191 116
191 117
191 118
191 119
191 120
191 121
191 122
191 123
191 124
191 125
191 126
191 127
191 128
191 129
191 130
191 131
191 132
191 133
191 134
191 135
191 136
191 137
191 138
191 139
191 140
191 141
191 142
191 143
191 144
191 145
191 146
191 147
191 148
191 149
191 150
191 151
191 152
191 153
191 154
191 155
191 156
191 157
191 158
191 159
191 160
191 161
191 162
191 163
191 164
191 165
191 166
191 167
191 168
191 169
191 170
191 171
191 172
191 173
191 174
191 175
191 176
191 177
191 178
191 179
191 180
191 181
191 182
191 183
191 184
191 185
191 186
191 190
191 191
191 192
191 193
191 194
191 195
191 196
191 197
191 198
191 199
192 0
192 1
192 2
192 3
192 4
192 5
192 6
192 7
192 8
192 9
192 10
192 11
192 12
192 13
192 14
192 15
192 16
192 17
192 18
192 19
192 20
192 21
192 22
192 23
192 24
192 25
192 26
192 27
192 28
192 29
192 30
192 31
192 32
192 33
192 34
192 35
192 36
192 37
192 38
192 39
192 40
192 41
192 42
192 43
192 44
192 45
192 46
192 47
192 48
192 49
192 50
192 51
192 52
192 53
192 54
192 55
192 56
192 57
192 58
192 59
192 60
192 61
192 62
192 63
192 64
192 65
192 66
192 67
192 68
192 69
192 70
192 71
192 72
192 73
192 74
192 75
192 76
192 77
192 78
192 79
192 80
192 81
192 82
192 83
192 84
192 85
192 86
192 87
192 88
192 89
192 90
192 91
192 92
192 93
192 94
192 95
192 96
192 97
192 98
192 99
192 100
192 101
192 102
192 103
192 104
192 105
192 106
192 107
192 108
192 109
192 110
192 111
192 112
192 113
192 114
192 115
192 116
192 117
192 118
192 119
192 120
192 121
192 122
192 123
192 124
192 125
192 126
192 127
192 128
192 129
192 130
192 131
192 132
192 133
192 134
192 135
192 136
192 137
192 138
192 139
192 140
192 141
192 142
192 143
192 144
192 145
192 146
192 147
192 148
192 149
192 150
192 151
192 152
192 153
192 154
192 155
192 156
192 157
192 158
192 159
192 160
192 161
192 162
192 163
192 164
192 165
192 166
192 167
192 168
192 169
192 170
192 171
192 172
192 173
192 174
192 175
192 176
192 177
192 178
192 179
192 180
192 181
192 182
192 183
192 184
192 185
192 186
192 190
192 191
192 192
192 193
192 194
192 195
192 196
192 197
192 198
192 199
193 0
193 1
193 2
193 3
193 4
193 5
193 6
193 7
193 8
193 9
193 10
193 11
193 12
193 13
193 14
193 15
193 16
193 17
193 18
193 19
193 20
193 21
193 22
193 23
193 24
193 25
193 26
193 27
193 28
193 29
193 30
193 31
193 32
193 33
193 34
193 35
193 36
193 37
193 38
193 39
193 40
193 41
193 42
193 43
193 44
193 45
193 46
193 47
193 48
193 49
193 50
193 51
193 52
193 53
193 54
193 55
193 56
193 57
193 58
193 59
193 60
193 61
193 62
193 63
193 64
193 65
193 66
193 67
193 68
193 69
193 70
193 71
193 72
193 73
193 74
193 75
193 76
193 77
193 78
193 79
193 80
193 81
193 82
193 83
193 84
193 85
193 86
193 87
193 88
193 89
193 90
193 91
193 92
193 93
193 94
193 95
193 96
193 97
193 98
193 99
193 100
193 101
193 102
193 103
193 104
193 105
193 106
193 107
193 108
193 109
193 110
193 111
193 112
193 113
193 114
193 115
193 116
193 117
193 118
193 119
193 120
193 121
193 122
193 123
193 124
193 125
193 126
193 127
193 128
193 129
193 130
193 131
193 132
193 133
193 134
193 135
193 136
193 137
193 138
193 139
193 140
193 141
193 142
193 143
193 144
193 145
193 146
193 147
193 148
193 149
193 150
193 151
193 152
193 153
193 154
193 155
193 156
193 157
193 158
193 159
193 160
193 161
193 162
193 163
193 164
193 165
193 166
193 168
193 169
193 170
193 171
193 172
193 173
193 174
193 175
193 176
193 177
193 178
193 179
193 181
193 182
193 183
193 184
193 185
193 186
193 187
193 188
193 189
193 190
193 191
193 192
193 193
193 194
193 195
193 196
193 197
193 198
193 199
194 0
194 1
194 2
194 3
194 4
194 5
194 6
194 7
194 8
194 9
194 10
194 11
194 12
194 13
194 14
194 15
194 16
194 17
194 18
194 19
194 20
194 21
194 22
194 23
194 24
194 25
194 26
194 27
194 28
194 29
194 30
194 31
194 32
194 33
194 34
194 35
194 36
194 37
194 38
194 39
194 40
194 42
194 43
194 44
194 45
194 46
194 47
194 48
194 49
194 50
194 51
194 52
194 53
194 54
194 55
194 56
194 57
194 58
194 59
194 60
194 61
194 62
194 63
194 64
194 65
194 66
194 67
194 68
194 69
194 70
194 71
194 72
194 73
194 74
194 75
194 76
194 77
194 78
194 79
194 80
194 81
194 82
194 83
194 84
194 85
194 86
194 87
194 88
194 89
194 90
194 91
194 92
194 93
194 94
194 95
194 96
194 97
194 98
194 99
194 100
194 101
194 102
194 103
194 104
194 105
194 106
194 107
194 108
194 109
194 110
194 111
194 112
194 113
194 114
194 115
194 116
194 117
194 118
194 119
194 120
194 121
194 122
194 123
194 124
194 125
194 126
194 127
194 128
194 129
194 130
194 131
194 132
194 133
194 134
194 135
194 136
194 137
194 138
194 139
194 140
194 141
194 142
194 143
194 144
194 145
194 146
194 147
194 148
194 149
194 150
194 152
194 153
194 154
194 155
194 156
194 157
194 158
194 159
194 160
194 161
194 162
194 163
194 164
194 165
194 166
194 167
194 168
194 169
194 170
194 171
194 172
194 173
194 174
194 175
194 176
194 177
194 178
194 179
194 180
194 181
194 182
194 183
194 184
194 185
194 186
194 187
194 188
194 189
194 190
194 191
194 192
194 193
194 194
194 195
194 196
194 197
194 198
194 199
195 0
195 1
195 2
195 3
195 4
195 5
195 6
195 7
195 8
195 9
195 10
195 11
195 12
195 13
195 14
195 15
195 16
195 17
195 18
195 19
195 20
195 21
195 22
195 23
195 24
195 25
195 26
195 27
195 28
195 29
195 30
195 31
195 32
195 33
195 34
195 35
195 36
195 37
195 38
195 39
195 40
195 41
195 42
195 43
195 44
195 45
195 46
195 47
195 48
195 49
195 50
195 51
195 52
195 53
195 54
195 55
195 56
195 57
195 58
195 59
195 60
195 61
195 62
195 63
195 64
195 65
195 66
195 67
195 68
195 69
195 70
195 71
195 72
195 73
195 74
195 75
195 76
195 77
195 78
195 79
195 80
195 81
195 82
195 83
195 84
195 85
195 86
195 87
195 88
195 89
195 90
195 91
195 92
195 93
195 94
195 95
195 96
195 97
195 98
195 99
195 100
195 101
195 102
195 103
195 104
195 105
195 106
195 107
195 108
195 109
195 110
195 111
195 112
195 113
195 114
195 115
195 116
195 117
195 118
195 119
195 120
195 121
195 122
195 123
195 124
195 125
195 126
195 127
195 128
195 129
195 130
195 131
195 132
195 133
195 134
195 135
195 136
195 137
195 138
195 139
195 140
195 141
195 142
195 143
195 144
195 145
195 146
195 147
195 148
195 149
195 150
195 151
195 152
195 153
195 154
195 155
195 156
195 157
195 158
195 159
195 160
195 161
195 162
195 163
195 164
195 165
195 166
195 167
195 168
195 169
195 170
195 171
195 172
195 173
195 174
195 176
195 177
195 178
195 179
195 180
195 181
195 182
195 183
195 184
195 185
195 186
195 187
195 188
195 189
195 190
195 191
195 192
195 193
195 194
195 195
195 196
195 197
195 198
195 199
196 0
196 1
196 2
196 3
196 4
196 5
196 6
196 7
196 8
196 9
196 10
196 11
196 12
196 13
196 14
196 15
196 16
196 17
196 18
196 19
196 20
196 21
196 22
196 23
196 24
196 25
196 26
196 27
196 28
196 29
196 30
196 31
196 32
196 33
196 34
196 35
196 36
196 37
196 38
196 39
196 40
196 41
196 42
196 43
196 44
196 45
196 46
196 47
196 48
196 49
196 50
196 51
196 52
196 53
196 54
196 55
196 56
196 57
196 58
196 59
196 60
196 61
196 62
196 63
196 64
196 65
196 66
196 67
196 68
196 69
196 70
196 71
196 72
196 73
196 74
196 75
196 76
196 77
196 78
196 79
196 80
196 81
196 82
196 83
196 84
196 85
196 86
196 87
196 88
196 89
196 90
196 91
196 92
196 93
196 94
196 95
196 96
196 97
196 98
196 99
196 100
196 101
196 102
196 103
196 104
196 105
196 106
196 107
196 108
196 109
196 110
196 111
196 112
196 113
196 114
196 115
196 116
196 117
196 118
196 119
196 120
196 121
196 122
196 123
196 124
196 125
196 126
196 127
196 128
196 129
196 130
196 131
196 132
196 133
196 134
196 135
196 136
196 137
196 138
196 139
196 140
196 141
196 142
196 143
196 144
196 145
196 146
196 147
196 148
196 149
196 150
196 151
196 152
196 153
196 154
196 155
196 156
196 157
196 158
196 159
196 160
196 161
196 162
196 163
196 164
196 165
196 166
196 167
196 168
196 169
196 170
196 171
196 172
196 173
196 174
196 175
196 176
196 177
196 178
196 180
196 181
196 182
196 183
196 184
196 185
196 186
196 187
196 188
196 189
196 190
196 191
196 192
196 193
196 194
196 195
196 196
196 197
196 198
196 199
197 0
197 1
197 2
197 3
197 4
197 6
197 7
197 8
197 9
197 10
197 11
197 12
197 13
197 14
197 15
197 16
197 17
197 18
197 19
197 20
197 21
197 22
197 23
197 24
197 25
197 26
197 27
197 28
197 29
197 30
197 31
197 32
197 33
197 34
197 35
197 36
197 37
197 38
197 39
197 40
197 41
197 42
197 43
197 44
197 45
197 46
197 47
197 48
197 49
197 50
197 51
197 52
197 53
197 54
197 55
197 56
197 57
197 58
197 59
197 60
197 61
197 62
197 63
197 64
197 65
197 66
197 67
197 68
197 69
197 70
197 71
197 72
197 73
197 74
197 75
197 76
197 77
197 78
197 79
197 80
197 81
197 82
197 83
197 84
197 85
197 86
197 87
197 88
197 89
197 90
197 91
197 92
197 93
197 94
197 95
197 96
197 97
197 98
197 99
197 100
197 101
197 102
197 103
197 104
197 105
197 106
197 107
197 108
197 109
197 110
197 111
197 112
197 113
197 114
197 115
197 116
197 117
197 118
197 119
197 120
197 121
197 122
197 123
197 124
197 125
197 126
197 127
197 128
197 129
197 130
197 131
197 132
197 133
197 134
197 135
197 136
197 137
197 138
197 139
197 140
197 141
197 142
197 143
197 144
197 145
197 146
197 147
197 148
197 149
197 150
197 152
197 153
197 154
197 155
197 156
197 157
197 158
197 159
197 160
197 161
197 162
197 163
197 164
197 165
197 166
197 167
197 168
197 169
197 170
197 171
197 172
197 173
197 174
197 175
197 176
197 177
197 178
197 179
197 180
197 182
197 183
197 184
197 185
197 186
197 187
197 188
197 189
197 190
197 191
197 192
197 193
197 194
197 195
197 196
197 197
197 198
197 199
198 0
198 1
198 2
198 3
198 4
198 5
198 6
198 7
198 8
198 9
198 10
198 11
198 12
198 13
198 14
198 15
198 16
198 17
198 18
198 19
198 20
198 21
198 22
198 23
198 24
198 25
198 26
198 27
198 28
198 29
198 30
198 31
198 32
198 33
198 34
198 36
198 37
198 38
198 39
198 40
198 41
198 42
198 43
198 44
198 45
198 46
198 47
198 48
198 49
198 50
198 52
198 54
198 55
198 56
198 57
198 58
198 59
198 60
198 61
198 62
198 63
198 64
198 65
198 66
198 67
198 68
198 69
198 70
198 71
198 72
198 73
198 74
198 75
198 76
198 77
198 78
198 79
198 80
198 81
198 82
198 83
198 84
198 85
198 86
198 87
198 88
198 89
198 90
198 91
198 92
198 93
198 94
198 95
198 96
198 97
198 98
198 99
198 100
198 101
198 102
198 103
198 104
198 105
198 106
198 107
198 108
198 109
198 110
198 111
198 112
198 113
198 114
198 115
198 116
198 117
198 118
198 119
198 120
198 121
198 122
198 123
198 124
198 125
198 126
198 127
198 128
198 129
198 130
198 131
198 132
198 133
198 134
198 135
198 136
198 137
198 138
198 139
198 140
198 141
198 142
198 143
198 144
198 145
198 146
198 147
198 148
198 149
198 150
198 151
198 152
198 153
198 154
198 155
198 156
198 157
198 158
198 159
198 160
198 161
198 162
198 163
198 164
198 165
198 166
198 167
198 168
198 169
198 170
198 171
198 172
198 173
198 174
198 175
198 176
198 177
198 178
198 179
198 180
198 181
198 182
198 183
198 184
198 185
198 186
198 187
198 188
198 189
198 190
198 191
198 192
198 193
198 194
198 195
198 196
198 197
198 198
198 199
199 0
199 1
199 2
199 3
199 4
199 5
199 6
199 7
199 8
199 9
199 10
199 11
199 12
199 13
199 14
199 15
199 16
199 17
199 18
199 19
199 20
199 21
199 22
199 23
199 24
199 25
199 26
199 27
199 28
199 29
199 30
199 31
199 32
199 33
199 34
199 35
199 36
199 37
199 38
199 39
199 40
199 41
199 42
199 43
199 44
199 45
199 46
199 47
199 48
199 49
199 50
199 51
199 52
199 53
199 54
199 55
199 56
199 57
199 58
199 59
199 60
199 61
199 62
199 63
199 64
199 65
199 66
199 67
199 68
199 69
199 70
199 71
199 72
199 73
199 74
199 75
199 76
199 77
199 78
199 79
199 80
199 81
199 82
199 83
199 84
199 85
199 86
199 87
199 88
199 89
199 90
199 91
199 92
199 93
199 94
199 95
199 96
199 97
199 98
199 99
199 100
199 101
199 102
199 103
199 104
199 105
199 106
199 107
199 108
199 109
199 110
199 111
199 112
199 113
199 114
199 115
199 116
199 117
199 118
199 119
199 120
199 121
199 122
199 123
199 124
199 125
199 126
199 127
199 128
199 129
199 130
199 131
199 132
199 133
199 134
199 135
199 136
199 137
199 138
199 139
199 140
199 141
199 142
199 143
199 144
199 145
199 146
199 147
199 148
199 149
199 150
199 151
199 152
199 153
199 154
199 155
199 156
199 157
199 158
199 159
199 160
199 161
199 162
199 163
199 164
199 165
199 166
199 167
199 168
199 169
199 170
199 171
199 172
199 173
199 174
199 175
199 176
199 177
199 178
199 179
199 180
199 181
199 182
199 183
199 184
199 185
199 186
199 187
199 188
199 189
199 190
199 191
199 192
199 193
199 194
199 195
199 196
199 197
199 198
199 199
